pinhole:
  fx: 701.0116882676376
  fy: 698.6537946928421
  cx: 308.4551818095542
  cy: 246.84300560315452
  width: 640
  height: 480
  skew: 0.0
model: pinhole_radial_tangential
radial_tangential:
  radial:
    - -0.25559248570886445
    - 0.09997127476560613
  t1: 0.0
  t2: 0.0